6005
325
6723
4715
3407
4986
7283
6048
3591
2480
8778
4640
2179
7890
6944
8566
9332
7181
3433
3032
3568
4671
3517
1248
2359
8731
9021
3350
6568
2118
6348
1657
2891
9208
2496
872
9901
1821
4020
6847
1145
2248
190
4659
977
1416
8746
2455
6514
7014
4057
9796
3529
816
8883
3054
6661
7498
7829
2896
4682
5189
6705
2654
9633
3939
2744
647
7618
4940
6181
2666
4044
6025
7238
3442
629
4164
9347
8983
407
7649
6295
7792
655
4067
843
5640
4383
4604
2218
5429
8501
7292
4992
1658
1445
97
6590
4153
3692
5709
6767
6812
1119
6744
8037
3813
3463
5091
9123
5634
6195
8215
8506
9558
7077
3605
8544
291
6638
1522
1817
7281
8351
4611
5524
2723
1765
7360
6702
5806
4433
1376
9503
6534
1562
8096
466
8466
1235
2500
7207
4663
8545
2263
4363
7556
4603
945
5156
5899
1252
1781
1303
2201
9924
8905
6159
7031
2645
3800
2557
2257
2599
1137
81
9283
1682
8682
8681
1917
1270
8310
364
9836
7385
1359
7411
224
5598
9888
1002
3080
302
9707
3301
5047
9278
5083
6792
3062
578
4140
4188
1342
8827
8244
8169
7018
7330
3723
2556
662
1412
463
45
2398
8689
8993
6596
2987
5084
4687
4322
9381
5350
7120
7006
2106
6537
4292
4033
8120
513
2446
3631
1850
1640
1335
4535
2192
6014
7296
7348
5374
140
3635
7455
721
8471
8676
8802
1240
1907
3306
6282
5848
7269
4086
8547
9435
7297
7096
4770
6450
9557
4952
796
213
2326
4850
1455
1480
6970
903
3293
3489
3318
6737
572
2638
9217
5323
6142
5966
5074
9850
7138
8907
516
6675
5989
7309
7161
1080
1034
4732
2600
6808
8782
1768
2698
8084
3917
3274
4395
1097
7472
4579
6818
7860
4124
4496
3287
1340
356
6658
5689
8917
4838
363
7704
4266
5339
5515
9750
4750
7388
8053
149
3239
5782
7194
812
9004
3923
7891
6399
7679
6177
5681
6629
9584
43
3006
2828
3740
1563
17
9274
3700
5349
2565
6869
1079
3501
2558
6349
8165
2149
1134
285
8964
6717
765
9210
272
1173
8026
1587
267
8550
4998
4205
8609
1042
644
9057
5590
5242
5073
4909
7121
8243
4591
9370
7611
2323
1493
7730
5815
6034
7558
5423
9105
5071
3125
9460
7602
2343
4529
2057
3051
183
38
937
3550
9377
1153
8367
1104
9319
1758
9430
8164
2487
2463
1788
212
8616
5231
8590
8370
938
3901
4561
1690
3890
3675
2567
3167
3929
1688
9079
8005
2016
231
5237
683
8006
144
5315
9627
6460
9333
4726
5855
3191
9778
2593
8146
8344
1486
2109
1323
1498
9482
7993
5697
6333
4277
8245
4646
1146
896
1297
4997
8554
6771
2053
5116
8016
9091
6003
6688
6576
9049
8509
4822
5783
5357
525
5514
8697
9424
9660
6011
4217
7550
5132
157
5513
3096
9883
1389
2584
698
3069
3002
2040
619
6296
7897
4866
3210
8774
6606
220
4221
